#AMS02 (2011/05-2016/05)
# Qty    <E>  Elo  Eup   y   ystat_lo  ystat_up  ysyst_lo  ysyst_up  yerrtot_lo  yerrtot_up
He 6.402648e+01 6.157485e+01 6.657434e+01 9.915020e-03 3.200329e-05 3.200329e-05 1.440148e-04 1.440148e-04 1.475279e-04 1.475279e-04
He 5.928307e+01 5.707539e+01 6.157485e+01 1.218546e-02 3.800455e-05 3.800455e-05 1.740209e-04 1.740209e-04 1.781225e-04 1.781225e-04
He 5.503991e+01 5.307594e+01 5.707539e+01 1.494207e-02 4.600638e-05 4.600638e-05 2.140297e-04 2.140297e-04 2.189185e-04 2.189185e-04
He 5.103776e+01 4.907659e+01 5.307594e+01 1.834095e-02 5.000804e-05 5.000804e-05 2.600418e-04 2.600418e-04 2.648066e-04 2.648066e-04
He 4.729516e+01 4.557724e+01 4.907659e+01 2.250420e-02 6.001121e-05 6.001121e-05 3.200598e-04 3.200598e-04 3.256373e-04 3.256373e-04
He 4.392316e+01 4.232794e+01 4.557724e+01 2.724588e-02 6.001296e-05 6.001296e-05 3.800821e-04 3.800821e-04 3.847908e-04 3.847908e-04
He 4.080136e+01 3.932869e+01 4.232794e+01 3.312826e-02 8.001996e-05 8.001996e-05 4.601148e-04 4.601148e-04 4.670212e-04 4.670212e-04
He 3.790385e+01 3.652950e+01 3.932869e+01 4.041164e-02 8.002305e-05 8.002305e-05 5.601614e-04 5.601614e-04 5.658485e-04 5.658485e-04
He 3.520654e+01 3.393036e+01 3.652950e+01 4.917636e-02 1.000333e-04 1.000333e-04 6.802263e-04 6.802263e-04 6.875423e-04 6.875423e-04
He 3.268351e+01 3.148131e+01 3.393036e+01 5.974297e-02 1.200462e-04 1.200462e-04 8.403231e-04 8.403231e-04 8.488545e-04 8.488545e-04
He 3.033656e+01 2.923230e+01 3.148131e+01 7.269230e-02 1.400622e-04 1.400622e-04 1.020453e-03 1.020453e-03 1.030020e-03 1.030020e-03
He 2.816389e+01 2.713338e+01 2.923230e+01 8.850542e-02 1.600822e-04 1.600822e-04 1.220626e-03 1.220626e-03 1.231078e-03 1.231078e-03
He 2.614139e+01 2.518454e+01 2.713338e+01 1.076638e-01 1.801068e-04 1.801068e-04 1.480878e-03 1.480878e-03 1.491790e-03 1.491790e-03
He 2.424316e+01 2.333581e+01 2.518454e+01 1.308097e-01 2.001372e-04 2.001372e-04 1.801235e-03 1.801235e-03 1.812320e-03 1.812320e-03
He 2.247103e+01 2.163716e+01 2.333581e+01 1.603272e-01 2.401906e-04 2.401906e-04 2.201747e-03 2.201747e-03 2.214810e-03 2.214810e-03
He 2.082316e+01 2.003863e+01 2.163716e+01 1.948189e-01 2.602390e-04 2.602390e-04 2.662445e-03 2.662445e-03 2.675133e-03 2.675133e-03
He 1.927548e+01 1.854022e+01 2.003863e+01 2.380534e-01 4.004262e-04 4.004262e-04 3.203410e-03 3.203410e-03 3.228340e-03 3.228340e-03
He 1.540142e+02 1.445709e+02 1.640705e+02 9.346169e-04 5.000090e-06 5.000090e-06 1.660030e-05 1.660030e-05 1.733698e-05 1.733698e-05
He 1.160963e+03 8.990684e+02 1.499068e+03 4.926002e-06 6.400002e-08 6.400002e-08 3.900001e-07 3.900001e-07 3.952165e-07 3.952165e-07
He 7.121605e+02 5.640687e+02 8.990684e+02 1.708401e-05 1.600001e-07 1.600001e-07 8.360007e-07 8.360007e-07 8.511740e-07 8.511740e-07
He 4.809557e+02 4.100690e+02 5.640687e+02 4.736009e-05 4.000008e-07 4.000008e-07 1.660003e-06 1.660003e-06 1.707516e-06 1.707516e-06
He 3.625750e+02 3.205693e+02 4.100690e+02 9.712032e-05 7.400025e-07 7.400025e-07 2.760009e-06 2.760009e-06 2.857491e-06 2.857491e-06
He 2.895754e+02 2.615696e+02 3.205693e+02 1.778009e-04 1.240006e-06 1.240006e-06 4.360022e-06 4.360022e-06 4.532925e-06 4.532925e-06
He 2.396549e+02 2.195699e+02 2.615696e+02 2.890022e-04 1.800013e-06 1.800013e-06 6.400048e-06 6.400048e-06 6.648358e-06 6.648358e-06
He 2.034832e+02 1.885702e+02 2.195699e+02 4.442046e-04 2.600027e-06 2.600027e-06 9.000094e-06 9.000094e-06 9.368129e-06 9.368129e-06
He 1.758966e+02 1.640705e+02 1.885702e+02 6.598092e-04 3.800053e-06 3.800053e-06 1.240017e-05 1.240017e-05 1.296937e-05 1.296937e-05
He 6.951022e+01 6.657434e+01 7.257381e+01 7.922694e-03 2.600228e-05 2.600228e-05 1.160102e-04 1.160102e-04 1.188885e-04 1.188885e-04
He 1.363382e+02 1.285713e+02 1.445709e+02 1.290630e-03 6.400148e-06 6.400148e-06 2.180050e-05 2.180050e-05 2.272056e-05 2.272056e-05
He 1.218996e+02 1.155716e+02 1.285713e+02 1.744250e-03 8.400242e-06 8.400242e-06 2.860082e-05 2.860082e-05 2.980891e-05 2.980891e-05
He 1.099355e+02 1.045720e+02 1.155716e+02 2.292081e-03 1.000035e-05 1.000035e-05 3.600127e-05 3.600127e-05 3.736440e-05 3.736440e-05
He 9.971016e+01 9.507243e+01 1.045720e+02 3.008129e-03 1.200052e-05 1.200052e-05 4.600197e-05 4.600197e-05 4.754149e-05 4.754149e-05
He 9.072414e+01 8.657286e+01 9.507243e+01 3.858200e-03 1.600083e-05 1.600083e-05 5.800300e-05 5.800300e-05 6.016955e-05 6.016955e-05
He 8.273909e+01 7.907333e+01 8.657286e+01 4.978309e-03 1.800112e-05 1.800112e-05 7.400460e-05 7.400460e-05 7.616247e-05 7.616247e-05
He 7.575472e+01 7.257381e+01 7.907333e+01 6.292465e-03 2.200163e-05 2.200163e-05 9.200680e-05 9.200680e-05 9.460086e-05 9.460086e-05
He 1.374621e+00 1.283506e+00 1.471031e+00 5.772235e+01 4.372905e-02 4.372905e-02 8.089875e-01 8.089875e-01 8.101685e-01 8.101685e-01
He 3.595594e+00 3.409145e+00 3.790793e+00 1.179260e+01 6.131332e-03 6.131332e-03 1.573709e-01 1.573709e-01 1.574903e-01 1.574903e-01
He 3.229632e+00 3.058290e+00 3.409145e+00 1.450447e+01 8.208528e-03 8.208528e-03 1.949525e-01 1.949525e-01 1.951252e-01 1.951252e-01
He 2.891957e+00 2.733393e+00 3.058290e+00 1.780296e+01 1.031099e-02 1.031099e-02 2.412771e-01 2.412771e-01 2.414973e-01 2.414973e-01
He 2.580291e+00 2.434506e+00 2.733393e+00 2.186392e+01 2.074376e-02 2.074376e-02 2.904126e-01 2.904126e-01 2.911525e-01 2.911525e-01
He 2.294673e+00 2.161654e+00 2.434506e+00 2.678170e+01 2.089056e-02 2.089056e-02 3.760302e-01 3.760302e-01 3.766100e-01 3.766100e-01
He 2.032619e+00 1.910089e+00 2.161654e+00 3.269807e+01 2.106834e-02 2.106834e-02 4.635036e-01 4.635036e-01 4.639822e-01 4.639822e-01
He 1.791907e+00 1.679875e+00 1.910089e+00 3.980271e+01 2.128487e-02 2.128487e-02 5.534066e-01 5.534066e-01 5.538158e-01 5.538158e-01
He 1.572578e+00 1.471031e+00 1.679875e+00 4.811592e+01 2.154766e-02 2.154766e-02 6.895250e-01 6.895250e-01 6.898616e-01 6.898616e-01
He 3.992361e+00 3.790793e+00 4.203201e+00 9.605639e+00 6.110457e-03 6.110457e-03 1.262828e-01 1.262828e-01 1.264305e-01 1.264305e-01
He 1.195577e+00 1.112701e+00 1.283506e+00 6.863682e+01 4.449713e-02 4.449713e-02 9.566883e-01 9.566883e-01 9.577226e-01 9.577226e-01
He 1.033278e+00 9.586237e-01 1.112701e+00 8.098730e+01 4.543467e-02 4.543467e-02 1.090432e+00 1.090432e+00 1.091378e+00 1.091378e+00
He 8.876902e-01 8.211929e-01 9.586237e-01 9.468308e+01 6.985963e-02 6.985963e-02 1.280760e+00 1.280760e+00 1.282664e+00 1.282664e+00
He 7.564753e-01 6.961003e-01 8.211929e-01 1.093973e+02 7.195611e-02 7.195611e-02 1.463108e+00 1.463108e+00 1.464876e+00 1.464876e+00
He 6.397815e-01 5.873772e-01 6.961003e-01 1.254324e+02 7.451430e-02 7.451430e-02 1.763505e+00 1.763505e+00 1.765079e+00 1.765079e+00
He 5.371891e-01 4.907267e-01 5.873772e-01 1.441629e+02 1.034909e-01 1.034909e-01 2.302673e+00 2.302673e+00 2.304997e+00 2.304997e+00
He 4.465990e-01 4.059623e-01 4.907267e-01 1.619900e+02 1.357155e-01 1.357155e-01 3.691462e+00 3.691462e+00 3.693956e+00 3.693956e+00
He 8.481654e+00 8.116039e+00 8.862353e+00 1.839238e+00 1.607901e-03 1.607901e-03 2.431951e-02 2.431951e-02 2.437261e-02 2.437261e-02
He 1.648072e+01 1.584382e+01 1.714195e+01 3.565111e-01 4.005743e-04 4.005743e-04 4.806892e-03 4.806892e-03 4.823554e-03 4.823554e-03
He 1.523364e+01 1.464581e+01 1.584382e+01 4.355246e-01 4.006666e-04 4.006666e-04 5.809665e-03 5.809665e-03 5.823465e-03 5.823465e-03
He 1.406086e+01 1.349804e+01 1.464581e+01 5.334319e-01 6.011629e-04 6.011629e-04 7.213954e-03 7.213954e-03 7.238959e-03 7.238959e-03
He 1.296426e+01 1.245040e+01 1.349804e+01 6.540730e-01 6.013543e-04 6.013543e-04 8.819863e-03 8.819863e-03 8.840340e-03 8.840340e-03
He 1.194196e+01 1.145303e+01 1.245040e+01 8.013030e-01 8.021050e-04 8.021050e-04 1.062789e-02 1.062789e-02 1.065812e-02 1.065812e-02
He 1.096995e+01 1.050594e+01 1.145303e+01 9.880345e-01 1.003081e-03 1.003081e-03 1.324067e-02 1.324067e-02 1.327861e-02 1.327861e-02
He 1.007421e+01 9.658996e+00 1.050594e+01 1.213760e+00 1.204327e-03 1.204327e-03 1.605769e-02 1.605769e-02 1.610279e-02 1.610279e-02
He 9.252757e+00 8.862353e+00 9.658996e+00 1.490856e+00 1.405900e-03 1.405900e-03 1.968260e-02 1.968260e-02 1.973275e-02 1.973275e-02
He 1.782800e+01 1.714195e+01 1.854022e+01 2.917603e-01 4.004946e-04 4.004946e-04 4.004947e-03 4.004947e-03 4.024922e-03 4.024922e-03
He 7.760931e+00 7.420075e+00 8.116039e+00 2.263047e+00 2.011597e-03 2.011597e-03 3.017395e-02 3.017395e-02 3.024093e-02 3.024093e-02
He 7.090607e+00 6.774476e+00 7.420075e+00 2.790900e+00 2.013637e-03 2.013637e-03 3.624546e-02 3.624546e-02 3.630135e-02 3.630135e-02
He 6.470691e+00 6.179251e+00 6.774476e+00 3.429292e+00 2.016045e-03 2.016045e-03 4.435299e-02 4.435299e-02 4.439879e-02 4.439879e-02
He 5.901186e+00 5.634392e+00 6.179251e+00 4.211363e+00 4.037741e-03 4.037741e-03 5.450950e-02 5.450950e-02 5.465884e-02 5.465884e-02
He 5.382078e+00 5.139870e+00 5.634392e+00 5.156494e+00 4.044309e-03 4.044309e-03 6.673110e-02 6.673110e-02 6.685354e-02 6.685354e-02
He 4.887594e+00 4.646324e+00 5.139870e+00 6.323635e+00 4.052313e-03 4.052313e-03 8.307242e-02 8.307242e-02 8.317120e-02 8.317120e-02
He 4.419892e+00 4.203201e+00 4.646324e+00 7.803253e+00 4.062079e-03 4.062079e-03 1.015520e-01 1.015520e-01 1.016332e-01 1.016332e-01
