#AMS02 (2011/05-2017/11)
# Qty    <E>  Elo  Eup   y   ystat_lo  ystat_up  ysyst_lo  ysyst_up  yerrtot_lo  yerrtot_up
e+ 5.732000e+01 5.558000e+01 5.913000e+01 7.558000e-05 1.890000e-06 1.890000e-06 1.180000e-06 1.180000e-06 2.228116e-06 2.228116e-06
e+ 5.392000e+01 5.233000e+01 5.558000e+01 8.860000e-05 2.140000e-06 2.140000e-06 1.370000e-06 1.370000e-06 2.540964e-06 2.540964e-06
e+ 5.080000e+01 4.933000e+01 5.233000e+01 1.029000e-04 2.400000e-06 2.400000e-06 1.600000e-06 1.600000e-06 2.884441e-06 2.884441e-06
e+ 4.792000e+01 4.657000e+01 4.933000e+01 1.323000e-04 2.800000e-06 2.800000e-06 2.000000e-06 2.000000e-06 3.440930e-06 3.440930e-06
e+ 4.526000e+01 4.400000e+01 4.657000e+01 1.446000e-04 3.000000e-06 3.000000e-06 2.200000e-06 2.200000e-06 3.720215e-06 3.720215e-06
e+ 4.278000e+01 4.161000e+01 4.400000e+01 1.723000e-04 3.400000e-06 3.400000e-06 2.600000e-06 2.600000e-06 4.280187e-06 4.280187e-06
e+ 4.048000e+01 3.939000e+01 4.161000e+01 2.004000e-04 3.800000e-06 3.800000e-06 3.000000e-06 3.000000e-06 4.841487e-06 4.841487e-06
e+ 3.833000e+01 3.731000e+01 3.939000e+01 2.328000e-04 4.300000e-06 4.300000e-06 3.400000e-06 3.400000e-06 5.481788e-06 5.481788e-06
e+ 3.632000e+01 3.536000e+01 3.731000e+01 2.754000e-04 4.800000e-06 4.800000e-06 4.000000e-06 4.000000e-06 6.248200e-06 6.248200e-06
e+ 3.443000e+01 3.353000e+01 3.536000e+01 3.126000e-04 5.200000e-06 5.200000e-06 4.500000e-06 4.500000e-06 6.876772e-06 6.876772e-06
e+ 3.266000e+01 3.182000e+01 3.353000e+01 3.681000e-04 5.900000e-06 5.900000e-06 5.300000e-06 5.300000e-06 7.930952e-06 7.930952e-06
e+ 3.100000e+01 3.021000e+01 3.182000e+01 4.273000e-04 6.500000e-06 6.500000e-06 6.100000e-06 6.100000e-06 8.914034e-06 8.914034e-06
e+ 2.943000e+01 2.868000e+01 3.021000e+01 5.063000e-04 7.200000e-06 7.200000e-06 7.200000e-06 7.200000e-06 1.018234e-05 1.018234e-05
e+ 2.795000e+01 2.725000e+01 2.868000e+01 5.747000e-04 8.000000e-06 8.000000e-06 8.200000e-06 8.200000e-06 1.145600e-05 1.145600e-05
e+ 2.656000e+01 2.590000e+01 2.725000e+01 6.757000e-04 8.900000e-06 8.900000e-06 9.600000e-06 9.600000e-06 1.309084e-05 1.309084e-05
e+ 2.525000e+01 2.462000e+01 2.590000e+01 7.647000e-04 9.800000e-06 9.800000e-06 1.080000e-05 1.080000e-05 1.458355e-05 1.458355e-05
e+ 2.401000e+01 2.342000e+01 2.462000e+01 9.031000e-04 1.110000e-05 1.110000e-05 1.270000e-05 1.270000e-05 1.686713e-05 1.686713e-05
e+ 8.323000e+02 7.000000e+02 1.000000e+03 1.927000e-08 1.087000e-08 1.087000e-08 4.440000e-09 4.440000e-09 1.174183e-08 1.174183e-08
e+ 2.283000e+01 2.225000e+01 2.342000e+01 1.018000e-03 1.200000e-05 1.200000e-05 1.400000e-05 1.400000e-05 1.843909e-05 1.843909e-05
e+ 1.250000e+02 1.184000e+02 1.321000e+02 8.677000e-06 3.760000e-07 3.760000e-07 1.510000e-07 1.510000e-07 4.051876e-07 4.051876e-07
e+ 5.888000e+02 5.000000e+02 7.000000e+02 8.312000e-08 1.675000e-08 1.675000e-08 7.700000e-09 7.700000e-09 1.843509e-08 1.843509e-08
e+ 4.285000e+02 3.700000e+02 5.000000e+02 2.491000e-07 2.860000e-08 2.860000e-08 9.100000e-09 9.100000e-09 3.001283e-08 3.001283e-08
e+ 3.268000e+02 2.900000e+02 3.700000e+02 5.773000e-07 4.960000e-08 4.960000e-08 1.500000e-08 1.500000e-08 5.181853e-08 5.181853e-08
e+ 2.618000e+02 2.372000e+02 2.900000e+02 1.158000e-06 7.700000e-08 7.700000e-08 2.600000e-08 2.600000e-08 8.127115e-08 8.127115e-08
e+ 2.162000e+02 1.977000e+02 2.372000e+02 1.871000e-06 1.110000e-07 1.110000e-07 3.900000e-08 3.900000e-08 1.176520e-07 1.176520e-07
e+ 1.831000e+02 1.699000e+02 1.977000e+02 3.201000e-06 1.630000e-07 1.630000e-07 6.000000e-08 6.000000e-08 1.736923e-07 1.736923e-07
e+ 1.589000e+02 1.488000e+02 1.699000e+02 4.595000e-06 2.210000e-07 2.210000e-07 8.400000e-08 8.400000e-08 2.364255e-07 2.364255e-07
e+ 1.401000e+02 1.321000e+02 1.488000e+02 6.998000e-06 3.030000e-07 3.030000e-07 1.250000e-07 1.250000e-07 3.277713e-07 3.277713e-07
e+ 6.103000e+01 5.913000e+01 6.302000e+01 6.115000e-05 1.640000e-06 1.640000e-06 9.700000e-07 9.700000e-07 1.905387e-06 1.905387e-06
e+ 1.127000e+02 1.073000e+02 1.184000e+02 1.173000e-05 4.800000e-07 4.800000e-07 2.000000e-07 2.000000e-07 5.200000e-07 5.200000e-07
e+ 1.026000e+02 9.808000e+01 1.073000e+02 1.461000e-05 5.900000e-07 5.900000e-07 2.500000e-07 2.500000e-07 6.407808e-07 6.407808e-07
e+ 9.402000e+01 9.019000e+01 9.808000e+01 2.037000e-05 6.800000e-07 6.800000e-07 3.500000e-07 3.500000e-07 7.647876e-07 7.647876e-07
e+ 8.669000e+01 8.336000e+01 9.019000e+01 2.511000e-05 8.100000e-07 8.100000e-07 4.200000e-07 4.200000e-07 9.124144e-07 9.124144e-07
e+ 8.029000e+01 7.737000e+01 8.336000e+01 3.013000e-05 9.400000e-07 9.400000e-07 5.000000e-07 5.000000e-07 1.064707e-06 1.064707e-06
e+ 7.465000e+01 7.205000e+01 7.737000e+01 3.826000e-05 1.110000e-06 1.110000e-06 6.200000e-07 6.200000e-07 1.271417e-06 1.271417e-06
e+ 6.962000e+01 6.730000e+01 7.205000e+01 4.367000e-05 1.260000e-06 1.260000e-06 7.100000e-07 7.100000e-07 1.446271e-06 1.446271e-06
e+ 6.511000e+01 6.302000e+01 6.730000e+01 5.502000e-05 1.490000e-06 1.490000e-06 8.800000e-07 8.800000e-07 1.730462e-06 1.730462e-06
e+ 2.470000e+00 2.310000e+00 2.650000e+00 5.341000e-01 1.600000e-03 1.600000e-03 6.800000e-03 6.800000e-03 6.985700e-03 6.985700e-03
e+ 6.260000e+00 6.000000e+00 6.540000e+00 4.923000e-02 2.000000e-04 2.000000e-04 6.000000e-04 6.000000e-04 6.324555e-04 6.324555e-04
e+ 5.740000e+00 5.490000e+00 6.000000e+00 6.278000e-02 2.500000e-04 2.500000e-04 7.600000e-04 7.600000e-04 8.000625e-04 8.000625e-04
e+ 5.240000e+00 5.000000e+00 5.490000e+00 8.208000e-02 3.100000e-04 3.100000e-04 9.900000e-04 9.900000e-04 1.037401e-03 1.037401e-03
e+ 4.760000e+00 4.540000e+00 5.000000e+00 1.069000e-01 4.000000e-04 4.000000e-04 1.300000e-03 1.300000e-03 1.360147e-03 1.360147e-03
e+ 4.320000e+00 4.120000e+00 4.540000e+00 1.389000e-01 5.000000e-04 5.000000e-04 1.600000e-03 1.600000e-03 1.676305e-03 1.676305e-03
e+ 3.920000e+00 3.730000e+00 4.120000e+00 1.809000e-01 6.000000e-04 6.000000e-04 2.100000e-03 2.100000e-03 2.184033e-03 2.184033e-03
e+ 3.540000e+00 3.360000e+00 3.730000e+00 2.338000e-01 8.000000e-04 8.000000e-04 2.800000e-03 2.800000e-03 2.912044e-03 2.912044e-03
e+ 3.170000e+00 3.000000e+00 3.360000e+00 3.024000e-01 1.000000e-03 1.000000e-03 3.600000e-03 3.600000e-03 3.736308e-03 3.736308e-03
e+ 2.820000e+00 2.650000e+00 3.000000e+00 3.983000e-01 1.300000e-03 1.300000e-03 4.900000e-03 4.900000e-03 5.069517e-03 5.069517e-03
e+ 6.810000e+00 6.540000e+00 7.100000e+00 3.890000e-02 1.700000e-04 1.700000e-04 4.800000e-04 4.800000e-04 5.092151e-04 5.092151e-04
e+ 2.150000e+00 2.000000e+00 2.310000e+00 7.003000e-01 2.200000e-03 2.200000e-03 9.500000e-03 9.500000e-03 9.751410e-03 9.751410e-03
e+ 1.850000e+00 1.720000e+00 2.000000e+00 9.239000e-01 3.200000e-03 3.200000e-03 1.390000e-02 1.390000e-02 1.426359e-02 1.426359e-02
e+ 1.580000e+00 1.460000e+00 1.720000e+00 1.196000e+00 5.000000e-03 5.000000e-03 2.100000e-02 2.100000e-02 2.158703e-02 2.158703e-02
e+ 1.330000e+00 1.220000e+00 1.460000e+00 1.528000e+00 7.000000e-03 7.000000e-03 3.200000e-02 3.200000e-02 3.275668e-02 3.275668e-02
e+ 1.110000e+00 1.010000e+00 1.220000e+00 1.929000e+00 1.100000e-02 1.100000e-02 4.900000e-02 4.900000e-02 5.021952e-02 5.021952e-02
e+ 9.100000e-01 8.200000e-01 1.010000e+00 2.272000e+00 1.600000e-02 1.600000e-02 7.100000e-02 7.100000e-02 7.278049e-02 7.278049e-02
e+ 7.300000e-01 6.500000e-01 8.200000e-01 2.576000e+00 2.900000e-02 2.900000e-02 1.050000e-01 1.050000e-01 1.089312e-01 1.089312e-01
e+ 5.700000e-01 5.000000e-01 6.500000e-01 2.669000e+00 1.090000e-01 1.090000e-01 1.410000e-01 1.410000e-01 1.782190e-01 1.782190e-01
e+ 1.299000e+01 1.259000e+01 1.341000e+01 5.668000e-03 4.200000e-05 4.200000e-05 7.500000e-05 7.500000e-05 8.595929e-05 8.595929e-05
e+ 2.058000e+01 2.004000e+01 2.113000e+01 1.454000e-03 1.500000e-05 1.500000e-05 2.000000e-05 2.000000e-05 2.500000e-05 2.500000e-05
e+ 1.951000e+01 1.899000e+01 2.004000e+01 1.666000e-03 1.700000e-05 1.700000e-05 2.300000e-05 2.300000e-05 2.860070e-05 2.860070e-05
e+ 1.848000e+01 1.798000e+01 1.899000e+01 1.933000e-03 1.900000e-05 1.900000e-05 2.600000e-05 2.600000e-05 3.220248e-05 3.220248e-05
e+ 1.748000e+01 1.700000e+01 1.798000e+01 2.293000e-03 2.200000e-05 2.200000e-05 3.100000e-05 3.100000e-05 3.801316e-05 3.801316e-05
e+ 1.652000e+01 1.605000e+01 1.700000e+01 2.718000e-03 2.500000e-05 2.500000e-05 3.700000e-05 3.700000e-05 4.465423e-05 4.465423e-05
e+ 1.559000e+01 1.514000e+01 1.605000e+01 3.262000e-03 2.800000e-05 2.800000e-05 4.400000e-05 4.400000e-05 5.215362e-05 5.215362e-05
e+ 1.469000e+01 1.425000e+01 1.514000e+01 3.864000e-03 3.200000e-05 3.200000e-05 5.100000e-05 5.100000e-05 6.020797e-05 6.020797e-05
e+ 1.382000e+01 1.341000e+01 1.425000e+01 4.643000e-03 3.700000e-05 3.700000e-05 6.100000e-05 6.100000e-05 7.134424e-05 7.134424e-05
e+ 2.168000e+01 2.113000e+01 2.225000e+01 1.214000e-03 1.400000e-05 1.400000e-05 1.700000e-05 1.700000e-05 2.202272e-05 2.202272e-05
e+ 1.219000e+01 1.180000e+01 1.259000e+01 6.918000e-03 4.800000e-05 4.800000e-05 9.000000e-05 9.000000e-05 1.020000e-04 1.020000e-04
e+ 1.141000e+01 1.104000e+01 1.180000e+01 8.302000e-03 5.500000e-05 5.500000e-05 1.080000e-04 1.080000e-04 1.211982e-04 1.211982e-04
e+ 1.067000e+01 1.032000e+01 1.104000e+01 1.007000e-02 6.000000e-05 6.000000e-05 1.300000e-04 1.300000e-04 1.431782e-04 1.431782e-04
e+ 9.960000e+00 9.620000e+00 1.032000e+01 1.242000e-02 7.000000e-05 7.000000e-05 1.600000e-04 1.600000e-04 1.746425e-04 1.746425e-04
e+ 9.280000e+00 8.950000e+00 9.620000e+00 1.530000e-02 8.000000e-05 8.000000e-05 1.900000e-04 1.900000e-04 2.061553e-04 2.061553e-04
e+ 8.620000e+00 8.300000e+00 8.950000e+00 1.900000e-02 1.000000e-04 1.000000e-04 2.400000e-04 2.400000e-04 2.600000e-04 2.600000e-04
e+ 7.990000e+00 7.690000e+00 8.300000e+00 2.406000e-02 1.200000e-04 1.200000e-04 3.000000e-04 3.000000e-04 3.231099e-04 3.231099e-04
e+ 7.390000e+00 7.100000e+00 7.690000e+00 3.018000e-02 1.400000e-04 1.400000e-04 3.700000e-04 3.700000e-04 3.956008e-04 3.956008e-04
