#########################################################################
# N.B.: line starting with # is a comment
#
# REF: (Z=1-2) - Coste et al., A&A 539, A88 (2012)
#
# FORMAT: XS values for nEkn energies (1 col. per target) for CR names
#  - Allowed Unit for 'sigma': 'mb' or 'cm2'
#  - XS on grid: Ekn(i)=EknMIN*D^i with D=EknMAX/EknMIN^{1/(nEkn-1)})
# N.B.: straight-ahead approximation (Ekn conserved)!
##########################################################################

#  Type  Unit     Targets
 sigma    mb      H,He

# EknMIN[GeV/n]   EknMAX[GeV/n]   nEkn  (PROJECTILE GRID)
1.000000e-02      1.000000e+01    41

4He -> 3He
0         0	 
0.0356097 0.106829 
0	  0	 
0.619584  1.85875	 
0	  0	 
8.84204	  26.5261	 
80.5436	  241.631	 
97.1979	  291.594	 
112.274	  336.823	 
117.932	  353.795	 
116.713	  350.138	 
111.726	  335.177	 
103.808	  311.423	 
94.0771	  282.231	 
83.3669	  250.101	 
73.2117	  219.635	 
64.9815	  194.944	 
59.2337	  177.701	 
55.6611	  166.983	 
53.7603	  161.281	 
53.1276	  159.383	 
53.3576	  160.073	 
54.0473	  162.142	 
54.9001	  164.7	 
55.7432	  167.23	 
56.4815	  169.445	 
57.0491	  171.147	 
57.3827	  172.148	 
57.4123	  172.237	 
57.0608	  171.182	 
56.2376	  168.713	 
54.8891	  164.667	 
52.7836	  158.351	 
50.6756	  152.027	 
49.9722	  149.917	 
50.1166	  150.35	 
50.0686	  150.206	 
50.0837	  150.251	 
50.0794	  150.238	 
50.0804	  150.241	 
50.0802	  150.241 

4He -> 2H
2.761005e-02 8.549898e-02
0.000000e+00 0.000000e+00
5.227257e-01 1.618705e+00
0.000000e+00 0.000000e+00
8.809435e+00 2.729863e+01
5.288342e+01 1.663599e+02
4.534879e+01 1.527654e+02
4.548259e+01 1.618680e+02
4.629486e+01 1.620079e+02
4.834267e+01 1.580574e+02
5.003968e+01 1.488738e+02
5.075193e+01 1.341210e+02
5.014659e+01 1.157875e+02
4.760075e+01 9.593246e+01
4.319372e+01 7.757508e+01
3.793299e+01 6.303172e+01
3.345335e+01 5.478575e+01
3.076584e+01 5.252480e+01
2.969998e+01 5.299304e+01
2.952155e+01 5.488899e+01
2.968057e+01 5.727899e+01
2.993639e+01 6.003790e+01
3.020453e+01 6.314485e+01
3.045487e+01 6.660795e+01
3.067153e+01 7.041228e+01
3.083954e+01 7.451730e+01
3.094139e+01 7.884497e+01
3.095623e+01 8.326852e+01
3.085950e+01 8.760040e+01
3.062362e+01 9.158342e+01
3.021453e+01 9.487807e+01
2.961177e+01 9.710532e+01
2.871821e+01 9.768600e+01
2.783988e+01 9.684924e+01
2.754900e+01 9.622828e+01
2.760860e+01 9.637612e+01
2.758879e+01 9.632697e+01
2.759501e+01 9.634240e+01
2.759321e+01 9.633795e+01
2.759367e+01 9.633906e+01
2.759359e+01 9.633887e+01

4He -> 1H
7.600000e+01 1.564254e+02
7.600000e+01 1.564254e+02
7.600000e+01 1.564254e+02
7.600000e+01 1.564254e+02
7.600000e+01 1.564254e+02
7.600000e+01 1.564254e+02
7.600000e+01 1.564254e+02
7.600000e+01 1.564254e+02
7.600000e+01 1.564254e+02
7.600000e+01 1.564254e+02
7.600000e+01 1.564254e+02
7.600000e+01 1.564254e+02
7.600000e+01 1.564254e+02
7.600000e+01 1.564254e+02
7.600000e+01 1.564254e+02
7.600000e+01 1.564254e+02
7.466045e+01 1.536683e+02
7.045839e+01 1.450195e+02
6.149145e+01 1.265635e+02
4.999173e+01 1.028944e+02
4.090128e+01 8.418421e+01
3.729952e+01 7.677095e+01
3.654449e+01 7.527791e+01
3.739632e+01 7.646147e+01
3.918182e+01 7.733433e+01
4.323864e+01 7.993569e+01
4.729545e+01 8.710125e+01
5.000000e+01 9.118556e+01
5.000000e+01 8.944264e+01
5.000000e+01 8.643281e+01
5.000000e+01 8.622798e+01
5.000000e+01 8.622798e+01
5.000000e+01 8.622798e+01
5.000000e+01 8.622798e+01
5.000000e+01 8.622798e+01
5.000000e+01 8.622798e+01
5.000000e+01 8.622798e+01
5.000000e+01 8.622798e+01
5.000000e+01 8.622798e+01
5.000000e+01 8.622798e+01
5.000000e+01 8.622798e+01

3He -> 2H
5.420550e+01 1.626165e+02
5.041886e+01 1.512566e+02
4.684944e+01 1.405483e+02
4.318721e+01 1.295616e+02
4.215025e+01 1.264508e+02
4.257689e+01 1.277307e+02
4.156274e+01 1.246882e+02
3.826347e+01 1.147904e+02
3.366627e+01 1.009988e+02
2.984661e+01 8.953982e+01
2.702769e+01 8.108306e+01
2.429471e+01 7.288412e+01
2.148285e+01 6.444855e+01
1.896002e+01 5.688007e+01
1.693918e+01 5.081754e+01
1.528885e+01 4.586656e+01
1.403944e+01 4.211831e+01
1.331398e+01 3.994193e+01
1.302041e+01 3.906123e+01
1.282431e+01 3.847293e+01
1.289153e+01 3.867460e+01
1.356993e+01 4.070978e+01
1.522837e+01 4.568511e+01
1.822157e+01 5.466470e+01
2.247164e+01 6.741493e+01
2.755195e+01 8.265586e+01
3.235174e+01 9.705521e+01
3.536663e+01 1.060999e+02
3.571229e+01 1.071369e+02
3.440747e+01 1.032224e+02
3.353058e+01 1.005917e+02
3.322265e+01 9.966796e+01
3.292279e+01 9.876837e+01
3.250734e+01 9.752203e+01
3.204849e+01 9.614546e+01
3.160439e+01 9.481318e+01
3.123098e+01 9.369294e+01
3.096504e+01 9.289512e+01
3.078650e+01 9.235951e+01
3.059049e+01 9.177148e+01
3.030253e+01 9.090760e+01

3He -> 1H
1.182353e+02 3.547058e+02
8.068155e+01 2.420446e+02
9.593964e+01 2.878189e+02
1.169727e+02 3.509181e+02
1.374728e+02 4.124184e+02
1.580748e+02 4.742244e+02
1.805642e+02 5.416927e+02
2.039358e+02 6.118073e+02
2.234868e+02 6.704603e+02
2.318306e+02 6.954919e+02
2.266596e+02 6.799787e+02
2.124759e+02 6.374277e+02
1.980754e+02 5.942262e+02
1.866562e+02 5.599685e+02
1.782795e+02 5.348384e+02
1.719741e+02 5.159223e+02
1.639609e+02 4.918827e+02
1.519817e+02 4.559451e+02
1.379925e+02 4.139774e+02
1.269130e+02 3.807390e+02
1.243565e+02 3.730694e+02
1.314230e+02 3.942691e+02
1.510557e+02 4.531670e+02
1.860817e+02 5.582451e+02
2.235638e+02 6.706913e+02
2.416169e+02 7.248506e+02
2.491833e+02 7.475500e+02
2.529696e+02 7.589089e+02
2.506370e+02 7.519109e+02
2.459547e+02 7.378642e+02
2.409861e+02 7.229583e+02
2.344194e+02 7.032582e+02
2.270119e+02 6.810357e+02
2.208488e+02 6.625465e+02
2.171151e+02 6.513452e+02
2.146556e+02 6.439668e+02
2.125900e+02 6.377699e+02
2.111328e+02 6.333983e+02
2.099379e+02 6.298137e+02
2.083418e+02 6.250253e+02
2.064026e+02 6.192078e+02

2H -> 1H
1.406081e+02	2.976922e+02	
1.556444e+02	3.183838e+02
1.627798e+02	3.291188e+02
1.622404e+02	3.306558e+02
1.581036e+02	3.272072e+02
1.500542e+02	3.184959e+02
1.427852e+02	3.031313e+02
1.298230e+02	2.862835e+02
1.167440e+02	2.708094e+02
1.063984e+02	2.564561e+02
9.378058e+01	2.425132e+02
8.696030e+01	2.296267e+02
8.080898e+01	2.187444e+02
7.431409e+01	2.102867e+02
6.848366e+01	2.035210e+02
6.372936e+01	1.977248e+02
6.026224e+01	1.930324e+02
5.803090e+01	1.891833e+02
5.641778e+01	1.862042e+02
5.535402e+01	1.844748e+02
5.508891e+01	1.842953e+02
5.584557e+01	1.858920e+02
5.770561e+01	1.890582e+02
6.035817e+01	1.931894e+02
6.322576e+01	1.980984e+02
6.583164e+01	2.033344e+02
6.764356e+01	2.077137e+02
6.850635e+01	2.096511e+02
6.852386e+01	2.091484e+02
6.773599e+01	2.073336e+02
6.642706e+01	2.046620e+02
6.497417e+01	2.018500e+02
6.352285e+01	1.996556e+02
6.234094e+01	1.981367e+02
6.173047e+01	1.972543e+02
6.181919e+01	1.971821e+02
6.253219e+01	1.979995e+02
6.340963e+01	1.994471e+02
6.410912e+01	2.008678e+02
6.451526e+01	2.019790e+02
6.450686e+01	2.025914e+02

1H -> 2H
1.319000e-01    3.957000e-01
1.319000e-01    3.957000e-01
1.319000e-01    3.957000e-01
1.319000e-01    3.957000e-01
1.319000e-01    3.957000e-01
1.319000e-01    3.957000e-01
1.319000e-01    3.957000e-01
1.319000e-01    3.957000e-01
1.319000e-01    3.957000e-01
1.319000e-01    3.957000e-01
1.319000e-01    3.957000e-01
1.319000e-01    3.957000e-01
1.319000e-01    3.957000e-01
1.319000e-01    3.957000e-01
1.319000e-01    3.957000e-01
1.319000e-01    3.957000e-01
1.319000e-01    3.957000e-01
1.319000e-01    3.957000e-01
1.319000e-01    3.957000e-01
1.319000e-01    3.957000e-01
1.319000e-01    3.957000e-01
6.109434e-01    1.832830e+00
1.194822e+00    3.584467e+00
2.180841e+00    6.542523e+00
2.993143e+00    8.979428e+00
1.968790e+00    5.906369e+00
8.971421e-01    2.691426e+00
4.141552e-01    1.242466e+00
1.494877e-01    4.484632e-01
5.892383e-02    1.767715e-01
1.325314e-01    3.975942e-01
2.512999e-01    7.538997e-01
2.516324e-01    7.548971e-01
1.715000e-01    5.145000e-01
1.715000e-01    5.145000e-01
1.715000e-01    5.145000e-01
1.715000e-01    5.145000e-01
1.715000e-01    5.145000e-01
1.715000e-01    5.145000e-01
1.715000e-01    5.145000e-01
1.715000e-01    5.145000e-01

