# A N R_av(fm) delta R_av (fm)
# https://www-nds.iaea.org/radii/
1	0	0.8783	0.0086
2	1	2.1421	0.0088		
3	2	1.7591	0.0363
3	1	1.9661	0.0030		
4	2	1.6755	0.0028		
6	4	2.0660	0.0111		
8	6	1.9239	0.0306
6	3	2.5890	0.0390		
7	4	2.4440	0.0420		
8	5	2.3390	0.0440		
9	6	2.2450	0.0460		
11	8	2.4820	0.0430
7	3	2.6460	0.0160	  
9	5	2.5190	0.0120	 
10	6	2.3550	0.0170 
11	7	2.4630	0.0150
10	5	2.4277	0.0499		
11	6	2.4060	0.0294
12	6	2.4702	0.0022		
13	7	2.4614	0.0034		
14	8	2.5025	0.0087
14	7	2.5582	0.0070		
15	8	2.6058	0.0080
16	8	2.6991	0.0052		
17	9	2.6932	0.0075		
18	10	2.7726	0.0056
19	10	2.8976	0.0025
17	7	3.0413	0.0088		
18	8	2.9714	0.0076		
19	9	3.0082	0.0040		
20	10	3.0055	0.0021		
21	11	2.9695	0.0033		
22	12	2.9525	0.0040		
23	13	2.9104	0.0071		
24	14	2.9007	0.0078		
25	15	2.9316	0.0088		
26	16	2.9251	0.0100		
28	18	2.9642	0.0134
20	9	2.9718	0.0420		
21	10	3.0136	0.0284		
22	11	2.9852	0.0169		
23	12	2.9936	0.0021		
24	13	2.9735	0.0169		
25	14	2.9769	0.0252		
26	15	2.9928	0.0331		
27	16	3.0136	0.0467		
28	17	3.0400	0.0581		
29	18	3.0922	0.0723		
30	19	3.1180	0.0884		
31	20	3.1704	0.0893
24	12	3.0570	0.0016	 
25	13	3.0284	0.0022	 
26	14	3.0337	0.0018
27	14	3.0610	0.0031
28	14	3.1224	0.0024		
29	15	3.1176	0.0052		
30	16	3.1336	0.0040
31	16	3.1889	0.0019
32	16	3.2611	0.0018		
34	18	3.2847	0.0021		
36	20	3.2985	0.0024
35	18	3.3654	0.0191		
37	20	3.3840	0.0170	
32	14	3.3468	0.0062		
33	15	3.3438	0.0058		
34	16	3.3654	0.0040		
35	17	3.3636	0.0042		
36	18	3.3905	0.0023		
37	19	3.3908	0.0022		
38	20	3.4028	0.0019		
39	21	3.4093	0.0031		
40	22	3.4274	0.0026		
41	23	3.4251	0.0030		
42	24	3.4414	0.0041		
43	25	3.4354	0.0039		
44	26	3.4454	0.0046		
46	28	3.4377	0.0044
38	19	3.4264	0.0051	 
39	20	3.4349	0.0019	 
40	21	3.4381	0.0028	 
41	22	3.4518	0.0055	 
42	23	3.4517	0.0070	 
43	24	3.4556	0.0086	 
44	25	3.4563	0.0101	 
45	26	3.4605	0.0118	 
46	27	3.4558	0.0126	 
47	28	3.4534	0.0138	 
39	19	3.4595	0.0025		
40	20	3.4776	0.0019		
41	21	3.4780	0.0019		
42	22	3.5081	0.0021		
43	23	3.4954	0.0019		
44	24	3.5179	0.0021		
45	25	3.4944	0.0021		
46	26	3.4953	0.0020		
47	27	3.4783	0.0024		
48	28	3.4771	0.0020		
50	30	3.5168	0.0064
42	21	3.5702	0.0238		
43	22	3.5575	0.0147		
44	23	3.5432	0.0016		
45	24	3.5459	0.0025		
46	25	3.5243	0.0089
44	22	3.6115	0.0051		
45	23	3.5939	0.0032		
46	24	3.6070	0.0022		
47	25	3.5962	0.0019		
48	26	3.5921	0.0017		
49	27	3.5733	0.0021		
50	28	3.5704	0.0022
51	28	3.6002	0.0022
50	26	3.6588	0.0065		
52	28	3.6452	0.0042		
53	29	3.6511	0.0075		
54	30	3.6885	0.0074
50	25	3.7120	0.0196		
51	26	3.7026	0.0212		
52	27	3.6706	0.0128		
53	28	3.6662	0.0076		
54	29	3.6834	0.0049		
55	30	3.7057	0.0022		
56	31	3.7146	0.0052
54	28	3.6933	0.0019		
56	30	3.7377	0.0016		
57	31	3.7532	0.0017		
58	32	3.7745	0.0014
59	32	3.7875	0.0021	
57	29	3.7757	0.0020		
59	31	3.8118	0.0016		
60	32	3.8225	0.0019		
61	33	3.8399	0.0021		
63	35	3.8572	0.0023	
63	34	3.8823	0.0015		
65	36	3.9022	0.0014	
64	34	3.9283	0.0015		
66	36	3.9491	0.0014		
67	37	3.9530	0.0027		
68	38	3.9658	0.0014		
70	40	3.9845	0.0019